6854004256777784582
6939556777901952257
6942172082507730178
6945550245505944833
6975240910623837441
6977670761725136130
6977678210536410370
6980644117768375554
6990009949409643777
6998545299497159938
7006683204421831938
7010097823890820354
7010866723859549441
7012250171748732162
7013365384527006978
7017466860144807169
7017830498466630914
7032295470093405441
7054596015898283265
7056006508881939713
7059827893806861570
7061189842297720066
7065368130352205057
7066123103654530306
7066805461214940417
7067215836674559233
7069835250280500482
7071964375304686849
7075818792038796550
7079015392097684741
7242012997579803911
7295392502973205792
7306208323429322016
7314020619614571778
7339132522825141506
7352170172293139720
7367040654280527105
7370627217308552480
7371193956194995488
7390709950596615431
7400032578222198037
7400171458363690261
7420806323476155653
7422991414335720711
7436003300601826582
7441574839602695431
7444235452044938552
7447908479697718550
7450803772634287382
7459412416938528005
7476462042350734599
7477923675052723463
7482771739395607839
7483639223744990482
7485342035600362782
7489733085668396310
7493393624969907511
7497168215110585618
7497949160759364880
7498803776577441041
7502836361515388178
7504024457061698834
7504749649605987602
7505623717683268886
7506071607622798614
7509115884552621319
7512186824043793672
7513259396252749062
7514334621052505351
7517297458917969160
7517409688879762710
7517730675156389143
7520216515371715848
7521038118716263687
7522533780628720951
7522990683376946439
7525352506172476679
7527390901912538386
7530290424032840968
7530923008924355847
7532572216932781334
7536173661372304660
7536901991436455170
7538408337994648834
7541504661862272261
7542482723097660679
7544394470536580383
7547026252595563798
7547383941955816722
7548916845894536456
7550999083058498823
7551460768852512018
7551859176562085128
7552561203822857492
7552995656172932374
7553309884054637842
7560968510910844168
7561297615179091207
7562256608638536978
7565240262612520213
7565424653779471623
7567359556788194568
7569155587070643512
7569603781868932407
7571441811747556664
7571503003451018517
7571529465680055572
7571795408327019793
7574112820397214988
7575945400826334472
7577019864158866695
7579661555474795797
7580038361109237023
7581512687092239623
7582185256686554388
7582196425136688392
7582690954675539255
7582694070385003789
7582704172089216270
7583092184111516983
7583095738939215118
7583098567410191629
7583313525003554070
7584453659195444498
7584766906175966472
7584860149207043335
7584860946711989535
7585187655579749662
7586304119996960031
7586705559840099605
7587386126198181128
7588212148300516616
7588620265123237142
7588992706483948821
7589742235407699207
7590846041751080212
7594366101165755666
7594450230498643218
7594568463402765576
7595098540314053910
7596996939397238037
7597060643123989768
7598560844968037649
7598783434848341255
7600701449856617746
7601073930828303623
7602950640557427998
7603217411428355349
7603370368560205064
7603666233032019220
7605588451068792072
7605988806566628628
7606355358952606994
7606383817221246226
7607119563515301134
7607740312559062285
7608203866336759047
7609223968389598471
7609455700468714772
7610151072727829781
7610352179517394189
7610372018810227988
7612725083953532167
7613292594969218325
7613408203921018130
7613801934687833351
7614095103245831444
7614920829532458260
7615328026066210069
7615958810200657173
7617893715855641869
7618518606871088404
7619988332579278101
7621106460390460690
7621598571548183825
7624116087952608533
7626683651744550151
7627046225476341000
7628226653646327058
7629384348860599572
7629387573374258463
7630351657452309767
7630416246709701896
7630477825497107732
7631571489552108808
7631897887823252754
7631926056429145364
7632304994040974600
7633719709787049229
7636029916294827272
7636396253504457992
7637587860606143764
7637921492252101909
7638605008782593301
7639420712486276365
7639757797676174600
7641129684641828114
7641544623617264917
7642674697926216967
7643122218201009426
7643535204895968515
7643737360554806549
7643857092746448136
7643901076067945746
7644464808619789589
7644467684544957717
7645246259111972117
7645253224575847687
7645278912313871623
7646013271740550420
7646460678789893397
7646519759906934048
7647070618759859464
7647483422352362773
7647886694967987476
7647908362713042184
7647994894522338592
7648853172206849302
7650161580004592903
7650174543482326304
7650534061592694032
7650844019685215510
7651204809894153494
7651254409254571282
7651966140725382421
7652117005406932242
7652310923100687636
7652378279738887431
7652781993310047508
7653452977969089812
7653475407160773896
7653821025569754390
7653976368132132116
7654217096443923733
7654240830919576853
7654560650420604180
7654651145993899271
7655043582197271829
7655293225401437461
7655335896052452615
7655650201285315853
7655675255045836045
7655726786935966984
7655798395755334920
7655977083587316999
7656403729503096097
7656417115171343623
7656424568172662036
7656452234896510215
7656539685187063048
7656790093524389127
7656846865325100308
7657149120511036673
7657166258747493645
7657200587267640596
7657210046048406804
7657252381276540161
7657511300309732629
7657544974216580370
7657580721229270293
7657616897604685074
7657851384355622165
7657886854515019026
7657919360413142279
7657930781326839061
7657946474738715924
7657955851273456917
7657989394460085534
7658056941465275666
7658206289566223648
7658574653782330645
7658894290776706325
7658961817498045704
7659030027442343175
7659046963417025799
7659787029785447701
7659800687886306581
7660053386431139092
7660143793978526994
7660408683741842696
7660902043640696082
7661261758371269906
7661266009348787476
7661324217014586632
7661673357229772053
7661764835847228693
7661889027112586504
7661900411829243156
7662022526104603924
7662023072223989012
7662381739813244178
7662393150287170836
7662439839375183111
7662741511821430034
7662754631939869983
7663026146212154644
7663074538384608520
7663180700539129108
7663404074183773447
7663475129434770720
7663768225217350933
7663783001989434637
7663827211325033745
7663855553684196615
7663860212842990856
7663975647341071624
7664192101512432929
7664321507643919634
7664487922011327762
7664598215253183758
7665067321601297671
7665100156550827284
7665617844121439495
7665730608525610260
7665776176606006548
7665852188345896210
7665883056787459336
7666065599910448404
7666200973509070087
7666230102442659093
7666292072688733457
7666304988439743764
7666356134021778709
7666498013140929800
7666705195258236180
7666742651823213842
7667233520581938464
7667255230194650399
7667584010641607968
7667886624855870721
7668219188418252052
7668334214412045576
7668380518286675220
7668535811565948182
7668634085513809160
7668769058958871826
7668948513539083542
7669053681249062162
7669067522704035085
7669177655295593749
7669401534135848213
7669742471907429640
7670173291096640788
7670482387381357842
7670863148424940808
7671009334494596385
7671531432753302804
7671578927315389717
7671620615782108434
7671635724197825810
7671970286501252359
7672012781821988117
7672092578174602504
7672451944715128084
7672479713226460438
7672709777595567368
7672717908912524551
7672751797957610773
7672766178032438548
7672869740817288480
7673058420425166100
7673065476855090452
7673100276173196551
7673176457065139476
7673411808652365077
7673414204384202017
7673821410019593479
7673847760600288544
7673860634261392660
7673885722906135826
7673894182699732231
7673920426841574677
7673984603819904274
7674173219678457108
7674299278893780242
7674536555481992468
7674983518958603538
7674987157748026657
7675306655675895048
7675324170909142279
7675421578603105556
7675426695582600480
7675492640980225313
7675622234215484692
7675633035043245333
7675707104736349461
7675728082778492168
7675737610094005522
7675766380058234126
7675800840455703828
7676157480690404626
7676513510943100181
7676617680425602325
7676749625092525345
7676788965579443474
7677226905778720020
7677445785021140255
7677581157243850002
7677583763827625232
7677655437713394966
7678273033605319943
7678319991728426247
7678368897921436949
7678601088748047634
7678615043319074066
7678663826186784008
7678681044186713364
7678726775253257490
7678940908443815189
7678979806251273494
7678997877665893645
7679007105797475604
7679018106882247956
7679025830760189202
7679037288331889928
7679079462180293904
7679444019335679253
7679485152212389128
7679764776053935382
7679802687017274646
7679840725047184663
7679869607267585301
7680079183346781460
7680103271192710422
7680117284937026848
7680205629281307912
7680205924417506568
7680212781714377991
7680397195270573330
7680465136183807250
7680480077083168008
7680482111345741077
7680541138511514887
7680577322688236807
7680620453819731221
7680883025894247710
7680890665642839327
7680895277364055316
7680895935613881608
7680897324477861127
7680901901193399568
7680904959633722645
7680913915122945300
7680930261835599111
7680933815849700630
7680949303161965844
7680977076970605857
7680989345293045012
7680991258550045972
7681178072757980448
7681234864854633748
7681245628936097042
7681296731698433287
7681319625509899550
7681350363727023381
7681365285240196372
7681376224341478677
7681597474686962951
7681655608352820513
7681664705609649416
7681686469399891207
7681690381171363080
7681693659942751508
7681741884724628754
7681797576802274581
7681911280944303380
7681919895201746196
7682006610939563285
7682102155347643655
7682105013249887508
7682118741433289991
7682126798653541653
7682143972491300104
7682347010132823314
7682356566032403733
7682394409475804434
7682448166767136020
7682454599474760968
7682696050947149063
7682711525953391890
7682730683768294689
7682790626320108820
7683029377797475617
7683055244854447380
7683077343455350049
7683160882456661256
7683209751018130708
7683213443322891533
7683233020131691797
7683247080273382689
7683406078213721365
7683449041824288033
7683452748938923296
7683493771811638546
7683772942831914247
7683812234392374548
7683903718047091988
7683970639169932565
7684153280137579783
7684241359003274528
7684279422777560341
7684314178034715922
7684319594122693908
7684398448149384480
7684568768038571285
7684574170608422165
7684652629015661831
7684932535217933589
7685036891430767892
7685045327270907157
7685084685298404629
7685358368063491348
7685375032901569814
7685388175552105749
7685413932080565536
7685448955462700309
7685467085174000916
7685545624778935559
7685661553818897671
7685664609251970311
7685675803513851157
7685692591806926088
7685709568143379720
7685724493087624468
7685736995645115668
7685737586568088852
7685760563770658069
7685762175499095316
7685781038198443284
7685794376915635477
7686053864952302868
7686068226190691604
7686092266586246420
7686144095999331602
7686242664710245653
7686251909933452552
7686399538982030612
7686487049297218836
7686495957365607698
7686570135162834193
7686805851868466440
7686947808028396818
7687150832063630605
7687156021038648596
7687161352309460245
7687232268775083294
7687282452103974177
7687576002846821652
7687628512685067541
7687643414699003152
7687830245658971413
7687926281878441223
7687981265177431309
7687999534429015316
7688002078735682834
7688105654501838088
7688211000381738248
7688242783747853576
7688322342488968456
7688345670289231124
7688674061047663880
7688712694861712660
7688721165954714888
7688723132768701714
7688744128498158866
7688759280761097490
7688803582862232840
7688814434059439391
7689006252583554337
7689050039947201812
7689113207692168468
7689326571097853192
7689415744710331666
7689430380872486158
7689457153492454663
7689538939664796961
7689722920767130888
7689783548886158600
7689815585118522631
7689834902191131918
7689878262645869854
7689892758013709599
7689894098362223893
7690121584320892180
7690131358135487751
7690163297194233101
7690171589425384705
7690173539059649813
7690227011008105736
7690246847801380117
7690548433345580308
7690558463356751126
7690591670454340882
7690621343926209806
7690627066328435989
7690630951948389639
7690637153432276231
7690654818817314056
7690854827538058527
7690898373104258305
7690941407023959316
7690957671398214930
7690972501693812000
7690998520223976724
7691008121367448840
7691072739662351637
7691225691311951124
7691278642655005984
7691293116287995144
7691304039736265992
7691332808945552646
7691358802016210183
7691404024544759060
7691587159790193938
7691589654268710177
7691616602097257749
7691645603306163463
7691654256151006482
7691672669573434637
7691681788342586645
7691681893879647540
7691685401202822420
7691687706107104532
7691701731180170517
7691710818030750997
7691720572853554440
7691736182610234657
7691749491371707666
7691761297855171848
7691786784895765781
7691789727933943072
